1st LOOP: 
    trimmed_Bottle_115_acc_err:
    MAX:    1.8246679136439692
    MIN:    0.7031578779900852
    MEAN:   1.2410583605877075
2st LOOP: 
    trimmed_Bottle_115_t:
    MAX:    0.24166666666666667
    MIN:    0.025
    MEAN:   0.1431818181818182
    LEADING_TIME_MEAN:   0.1431818181818182
